lastAccountName: bende
timestamps:
  login: 1584232635541
  logout: 1584232634052
  lastteleport: 1584232419502
ipAddress: 88.132.180.27
lastlocation:
  world: OffoschWorld1
  x: -32.0
  y: 66.0
  z: -96.0
  yaw: 0.0
  pitch: 0.0
logoutlocation:
  world: OffoschWorld1
  x: -51.956151078913535
  y: 67.0
  z: -131.37764666585693
  yaw: -85.1026
  pitch: 18.149733
afk: true
