lastAccountName: bende
timestamps:
  login: 1584207327740
  logout: 1584209103641
ipAddress: 88.132.180.27
lastlocation:
  world: OffoschWorld1
  x: -35.5
  y: 64.0
  z: -89.5
  yaw: 1.9173093
  pitch: 0.0
logoutlocation:
  world: OffoschWorld1
  x: -53.48588755694614
  y: 68.0
  z: -142.59352925417141
  yaw: -259.70776
  pitch: 14.399689
