lastAccountName: bende
timestamps:
  login: 1584291339919
  logout: 1584291347909
  lastteleport: 1584232419502
ipAddress: 88.132.180.27
lastlocation:
  world: OffoschWorld1
  x: -32.0
  y: 66.0
  z: -96.0
  yaw: 0.0
  pitch: 0.0
logoutlocation:
  world: OffoschWorld1
  x: -53.621514812336606
  y: 71.0
  z: -143.76457260608427
  yaw: -140.9134
  pitch: 33.000004
afk: false
