lastAccountName: bende
timestamps:
  login: 1584221659499
  logout: 1584209103641
ipAddress: 88.132.180.27
lastlocation:
  world: OffoschWorld1
  x: -42.80163378154534
  y: 65.0
  z: -141.66164232143544
  yaw: -157.57196
  pitch: 22.799961
logoutlocation:
  world: OffoschWorld1
  x: -53.48588755694614
  y: 68.0
  z: -142.59352925417141
  yaw: -259.70776
  pitch: 14.399689
