lastAccountName: bende
timestamps:
  login: 1584274365003
  logout: 1584274372794
  lastteleport: 1584232419502
ipAddress: 88.132.180.27
lastlocation:
  world: OffoschWorld1
  x: -32.0
  y: 66.0
  z: -96.0
  yaw: 0.0
  pitch: 0.0
logoutlocation:
  world: OffoschWorld1
  x: -53.621514812336606
  y: 73.0
  z: -143.76457260608427
  yaw: -144.66327
  pitch: 0.0
afk: false
