lastAccountName: Zsirafgondozo
timestamps:
  login: 1584217676304
  logout: 1584222285466
ipAddress: 94.21.187.46
lastlocation:
  world: OffoschWorld1
  x: -73.81299803036615
  y: 66.0
  z: -151.35258723711414
  yaw: -356.06067
  pitch: 58.050632
logoutlocation:
  world: OffoschWorld1
  x: -67.89571831530758
  y: 64.0
  z: -140.57056157533634
  yaw: -25.202087
  pitch: 2.699967
afk: false
