lastAccountName: Zsirafgondozo
timestamps:
  login: 1584216676758
  logout: 1584216707410
ipAddress: 94.21.187.46
lastlocation:
  world: OffoschWorld1
  x: -26.5
  y: 64.0
  z: -88.5
  yaw: 5.574676
  pitch: 0.0
logoutlocation:
  world: OffoschWorld1
  x: -68.73714317052325
  y: 64.0
  z: -137.17367490706567
  yaw: -36.650696
  pitch: 13.349761
afk: false
