lastAccountName: botlabovics
timestamps:
  login: 1584210768235
  logout: 1584211570340
ipAddress: 94.21.183.234
lastlocation:
  world: OffoschWorld1
  x: -24.5
  y: 63.0
  z: -89.5
  yaw: 2.1713881
  pitch: 0.0
logoutlocation:
  world: OffoschWorld1
  x: -28.625718250282816
  y: 63.9375
  z: -129.03925914693423
  yaw: 252.87592
  pitch: 21.599678
