lastAccountName: BuThor
timestamps:
  login: 1584304759407
  logout: 1584307298619
ipAddress: 92.81.95.106
lastlocation:
  world: OffoschWorld1
  x: -31.5
  y: 66.0
  z: -101.5
  yaw: 3.4119086
  pitch: 0.0
logoutlocation:
  world: OffoschWorld1
  x: -53.338837525152336
  y: 67.0
  z: -130.68688053468264
  yaw: -179.05179
  pitch: 9.1573925
