lastAccountName: BuThor
timestamps:
  login: 1584224967974
  logout: 1584224334211
ipAddress: 92.81.95.106
lastlocation:
  world: OffoschWorld1
  x: -31.5
  y: 66.0
  z: -101.5
  yaw: 3.4119086
  pitch: 0.0
logoutlocation:
  world: OffoschWorld1
  x: 26.10945132640618
  y: 62.0
  z: -104.69999998807907
  yaw: -254.1582
  pitch: 27.999636
