lastAccountName: BuThor
timestamps:
  login: 1584228078385
  logout: 1584230241055
ipAddress: 92.81.95.106
lastlocation:
  world: OffoschWorld1
  x: -31.5
  y: 66.0
  z: -101.5
  yaw: 3.4119086
  pitch: 0.0
logoutlocation:
  world: OffoschWorld1
  x: -33.15367343008849
  y: 65.0
  z: -127.91699786359641
  yaw: -68.90625
  pitch: 15.4187
