lastAccountName: BuThor
timestamps:
  login: 1584215388614
  logout: 1584215734938
ipAddress: 92.81.95.106
lastlocation:
  world: OffoschWorld1
  x: -31.5
  y: 66.0
  z: -101.5
  yaw: 3.4119086
  pitch: 0.0
logoutlocation:
  world: OffoschWorld1
  x: -88.09037140745349
  y: 63.0
  z: -131.03080331549916
  yaw: -2.6824036
  pitch: 11.527167
