lastAccountName: JackMaci
timestamps:
  login: 1584214305673
  logout: 1584214789342
ipAddress: 78.139.15.109
lastlocation:
  world: OffoschWorld1
  x: -30.5
  y: 66.0
  z: -93.5
  yaw: 1.4404068
  pitch: 0.0
logoutlocation:
  world: OffoschWorld1
  x: -36.371196406312805
  y: 63.9375
  z: -129.67087175985037
  yaw: -258.45
  pitch: 16.049711
