lastAccountName: JackMaci
timestamps:
  login: 1584294843953
  logout: 1584299177808
ipAddress: 78.139.15.109
lastlocation:
  world: OffoschWorld1
  x: -30.5
  y: 66.0
  z: -93.5
  yaw: 1.4404068
  pitch: 0.0
logoutlocation:
  world: OffoschWorld1
  x: -111.44233296286691
  y: 62.875
  z: 20.6183513273403
  yaw: -350.55103
  pitch: 90.0
afk: false
