lastAccountName: Denxy
timestamps:
  login: 1584310832562
  logout: 1584317652057
ipAddress: 77.111.249.158
lastlocation:
  world: OffoschWorld1
  x: -29.5
  y: 66.0
  z: -92.5
  yaw: 3.3527353
  pitch: 0.0
logoutlocation:
  world: OffoschWorld1
  x: -76.78098496050693
  y: 64.0
  z: -148.09785423035328
  yaw: -181.6052
  pitch: -13.7991
