lastAccountName: Denxy
timestamps:
  login: 1584222851153
  logout: 1584216047491
ipAddress: 77.111.249.185
lastlocation:
  world: OffoschWorld1
  x: -29.5
  y: 66.0
  z: -92.5
  yaw: 3.3527353
  pitch: 0.0
logoutlocation:
  world: OffoschWorld1
  x: -54.182590033388976
  y: 68.0
  z: -141.46128330315491
  yaw: 83.33569
  pitch: 23.850018
