lastAccountName: Denxy
timestamps:
  login: 1584235599118
  logout: 1584235922384
ipAddress: 77.111.249.182
lastlocation:
  world: OffoschWorld1
  x: -29.5
  y: 66.0
  z: -92.5
  yaw: 3.3527353
  pitch: 0.0
logoutlocation:
  world: OffoschWorld1
  x: -54.982161204614734
  y: 68.0
  z: -136.02324790954532
  yaw: -3.7628174
  pitch: 47.549812
