lastAccountName: Denxy
timestamps:
  login: 1584233128647
  logout: 1584234450850
ipAddress: 77.111.249.185
lastlocation:
  world: OffoschWorld1
  x: -29.5
  y: 66.0
  z: -92.5
  yaw: 3.3527353
  pitch: 0.0
logoutlocation:
  world: OffoschWorld1
  x: -58.162269648768174
  y: 61.5625
  z: -138.37242977181026
  yaw: -118.21216
  pitch: -9.599764
