lastAccountName: petaki
timestamps:
  login: 1584217410443
  logout: 1584216707404
  lastteleport: 1584199583317
ipAddress: 127.0.0.1
afk: false
logoutlocation:
  world: OffoschWorld1
  x: -55.14850003031895
  y: 68.0
  z: -135.45863680876957
  yaw: -185.99536
  pitch: 14.551392
lastlocation:
  world: OffoschWorld1
  x: -86.81317200483394
  y: 64.0
  z: -146.42367779123697
  yaw: -259.19595
  pitch: 3.3015265
