lastAccountName: petaki
timestamps:
  login: 1584307275298
  logout: 1584317649059
  lastteleport: 1584288466199
ipAddress: 127.0.0.1
afk: false
logoutlocation:
  world: OffoschWorld1
  x: -75.28231120216915
  y: 64.0
  z: -144.73169056280793
  yaw: 239.20398
  pitch: -4.8008137
lastlocation:
  world: OffoschWorld1
  x: -53.5
  y: 67.5
  z: -139.5
  yaw: 137.3959
  pitch: 13.5000725
