lastAccountName: petaki
timestamps:
  login: 1584319357190
  logout: 1584319399943
  lastteleport: 1584288466199
ipAddress: 127.0.0.1
afk: false
logoutlocation:
  world: OffoschWorld1
  x: -51.25372914097878
  y: 67.0
  z: -141.26514168345545
  yaw: -91.097
  pitch: 8.099226
lastlocation:
  world: OffoschWorld1
  x: -53.5
  y: 67.5
  z: -139.5
  yaw: 137.3959
  pitch: 13.5000725
