lastAccountName: petaki
timestamps:
  login: 1584228056528
  logout: 1584219831107
  lastteleport: 1584232668182
ipAddress: 127.0.0.1
afk: false
logoutlocation:
  world: OffoschWorld1
  x: -69.09923043731618
  y: 64.0
  z: -144.1945282499693
  yaw: 194.38177
  pitch: -2.7007709
lastlocation:
  world: OffoschWorld1
  x: -49.509637090277195
  y: 61.0
  z: -144.76249998807907
  yaw: 49.947357
  pitch: 24.300083
