lastAccountName: petaki
timestamps:
  login: 1584235379134
  logout: 1584235395446
  lastteleport: 1584232668182
ipAddress: 127.0.0.1
afk: false
logoutlocation:
  world: OffoschWorld1
  x: -49.5014385146331
  y: 67.0
  z: -135.68078883020033
  yaw: -26.848778
  pitch: 23.399944
lastlocation:
  world: OffoschWorld1
  x: -49.509637090277195
  y: 61.0
  z: -144.76249998807907
  yaw: 49.947357
  pitch: 24.300083
