lastAccountName: petaki
timestamps:
  login: 1584319193051
  logout: 1584318953555
  lastteleport: 1584288466199
ipAddress: 127.0.0.1
afk: false
logoutlocation:
  world: OffoschWorld1
  x: -71.63688495202555
  y: 64.0
  z: -142.08998376908738
  yaw: 233.20323
  pitch: 6.5991983
lastlocation:
  world: OffoschWorld1
  x: -53.5
  y: 67.5
  z: -139.5
  yaw: 137.3959
  pitch: 13.5000725
