lastAccountName: petaki
timestamps:
  login: 1584235574848
  logout: 1584236134216
  lastteleport: 1584235585609
ipAddress: 127.0.0.1
afk: false
logoutlocation:
  world: OffoschWorld1
  x: -58.06047267576296
  y: 61.0
  z: -140.72765414284072
  yaw: -99.4538
  pitch: -32.10047
lastlocation:
  world: OffoschWorld1
  x: -31.389067666009304
  y: 66.0
  z: -96.19255009634675
  yaw: -143.70012
  pitch: 10.95
