lastAccountName: petaki
timestamps:
  login: 1584220475676
  logout: 1584219831107
  lastteleport: 1584199583317
ipAddress: 127.0.0.1
afk: false
logoutlocation:
  world: OffoschWorld1
  x: -69.09923043731618
  y: 64.0
  z: -144.1945282499693
  yaw: 194.38177
  pitch: -2.7007709
lastlocation:
  world: OffoschWorld1
  x: -77.51019455083969
  y: 70.0
  z: -165.89896589575574
  yaw: 121.649445
  pitch: 35.399933
