lastAccountName: Kecs0
timestamps:
  login: 1584303492571
  logout: 1584314645158
ipAddress: 188.156.37.158
lastlocation:
  world: OffoschWorld1
  x: -34.5
  y: 64.0
  z: -91.5
  yaw: 3.4721353
  pitch: 0.0
logoutlocation:
  world: OffoschWorld1
  x: -51.23679736429548
  y: 61.0
  z: -141.8977710133705
  yaw: -264.83826
  pitch: 10.347504
