lastAccountName: Kecs0
timestamps:
  login: 1584213747526
  logout: 1584216704485
ipAddress: 188.156.37.158
lastlocation:
  world: OffoschWorld1
  x: -34.5
  y: 64.0
  z: -91.5
  yaw: 3.4721353
  pitch: 0.0
logoutlocation:
  world: OffoschWorld1
  x: -54.05249745292923
  y: 68.0
  z: -142.159164213513
  yaw: -342.22922
  pitch: 4.200264
