lastAccountName: Kecs0
timestamps:
  login: 1584228090137
  logout: 1584230143254
ipAddress: 188.156.37.158
lastlocation:
  world: OffoschWorld1
  x: -34.5
  y: 64.0
  z: -91.5
  yaw: 3.4721353
  pitch: 0.0
logoutlocation:
  world: OffoschWorld1
  x: -60.69999998807906
  y: 68.0
  z: -144.6999999880791
  yaw: -39.335938
  pitch: 26.09977
