lastAccountName: Kecs0
timestamps:
  login: 1584226173537
  logout: 1584225970771
ipAddress: 188.156.37.158
lastlocation:
  world: OffoschWorld1
  x: -34.5
  y: 64.0
  z: -91.5
  yaw: 3.4721353
  pitch: 0.0
logoutlocation:
  world: OffoschWorld1
  x: -58.25870935715711
  y: 61.0
  z: -140.73414663888477
  yaw: -98.59375
  pitch: -10.649957
