lastAccountName: Rougin
timestamps:
  login: 1584207089895
  logout: 1584216441188
ipAddress: 46.139.221.28
lastlocation:
  world: OffoschWorld1
  x: -36.5
  y: 64.0
  z: -93.5
  yaw: 1.2997159
  pitch: 0.0
logoutlocation:
  world: OffoschWorld1
  x: -71.02350708019158
  y: 71.0
  z: -171.1392387083279
  yaw: 189.18005
  pitch: 5.400095
nickname: Buffó
