lastAccountName: Rougin
timestamps:
  login: 1584301807517
  logout: 1584312654164
ipAddress: 46.139.221.28
lastlocation:
  world: OffoschWorld1
  x: -130.85803225722935
  y: 63.0
  z: -103.46679735681332
  yaw: -220.76929
  pitch: 46.200287
logoutlocation:
  world: OffoschWorld1
  x: -51.51893168991537
  y: 67.0
  z: -140.30189972985335
  yaw: 8.360901
  pitch: 23.399935
nickname: Buffó
afk: false
