lastAccountName: Rougin
timestamps:
  login: 1584222531738
  logout: 1584222521313
ipAddress: 46.139.221.28
lastlocation:
  world: OffoschWorld1
  x: -130.85803225722935
  y: 63.0
  z: -103.46679735681332
  yaw: -220.76929
  pitch: 46.200287
logoutlocation:
  world: OffoschWorld1
  x: -148.69999998807907
  y: 137.0
  z: -95.30000001192093
  yaw: 263.20868
  pitch: 38.550083
nickname: Buffó
afk: false
