lastAccountName: Rougin
timestamps:
  login: 1584228057933
  logout: 1584232318055
ipAddress: 46.139.221.28
lastlocation:
  world: OffoschWorld1
  x: -130.85803225722935
  y: 63.0
  z: -103.46679735681332
  yaw: -220.76929
  pitch: 46.200287
logoutlocation:
  world: OffoschWorld1
  x: -54.57795017718152
  y: 73.0
  z: -141.48750001192093
  yaw: -353.48102
  pitch: 29.999508
nickname: Buffó
afk: false
