lastAccountName: róka
timestamps:
  login: 1584221475815
  logout: 1584221222712
ipAddress: 145.236.36.147
lastlocation:
  world: OffoschWorld1
  x: -31.5
  y: 66.0
  z: -100.5
  yaw: 5.4777846
  pitch: 0.0
logoutlocation:
  world: OffoschWorld1
  x: -73.30000001192093
  y: 11.0
  z: -717.404277818852
  yaw: 358.5818
  pitch: 8.536449
