lastAccountName: róka
timestamps:
  login: 1584228056529
  logout: 1584228323674
ipAddress: 145.236.36.147
lastlocation:
  world: OffoschWorld1
  x: -31.5
  y: 66.0
  z: -100.5
  yaw: 5.4777846
  pitch: 0.0
logoutlocation:
  world: OffoschWorld1
  x: -60.700000025331974
  y: 68.0000002
  z: -142.70000002533197
  yaw: 162.66638
  pitch: 31.650005
