lastAccountName: róka
timestamps:
  login: 1584210592265
  logout: 1584216364592
ipAddress: 145.236.36.147
lastlocation:
  world: OffoschWorld1
  x: -31.5
  y: 66.0
  z: -100.5
  yaw: 5.4777846
  pitch: 0.0
logoutlocation:
  world: OffoschWorld1
  x: -54.244211043245144
  y: 68.0
  z: -140.74002156356272
  yaw: 329.329
  pitch: -1.199998
